1769137657023 0.02119597140699625 0
1769140279887 0.01687448651959824 1000
1769143330512 0.01625767600436606 2000
1769145500277 0.015900695476977034 3000
1769147582156 0.0155605031078303 4000
1769149879126 0.015634532165704294 5000
1769151881188 0.015232647316054844 6000
1769154153125 0.015496765636900214 7000
1769156262042 0.015262930754495417 8000
1769158259665 0.015182643327239629 9000
1769160485915 0.015230461973895534 10000
1769162646747 0.015286216495637588 11000
1769164658931 0.015165240856455478 12000
1769166643981 0.014704154767168803 13000
