1769137657023 0.0009386096602845839 0
1769140279887 0.0003593735856533392 1000
1769143330512 4.159094739117481e-08 2000
1769145500277 3.820224764769973e-08 3000
1769147582156 1.566661666341946e-08 4000
1769149879126 1.5840703344093265e-08 5000
1769151881188 8.309773883368442e-09 6000
1769154153125 5.842759353514002e-09 7000
1769156262042 3.3378780166306546e-09 8000
1769158259665 2.3153116626826587e-09 9000
1769160485915 2.291604026409727e-09 10000
1769162646747 1.5653772649220218e-09 11000
1769164658931 1.5849771638880808e-09 12000
1769166643981 6.93636621626846e-10 13000
