1769137657023 0.20426508361595097 0
1769140279887 0.04769366210316719 1000
1769143330512 0.02270858730445115 2000
1769145500277 0.0167793022253455 3000
1769147582156 0.015680506783386356 4000
1769149879126 0.015355699411402931 5000
1769151881188 0.013530810836653924 6000
1769154153125 0.012444508484024498 7000
1769156262042 0.01142472895503997 8000
1769158259665 0.01153319708430783 9000
1769160485915 0.010598900337129218 10000
1769162646747 0.010202053529378557 11000
1769164658931 0.00973488137754859 12000
1769166643981 0.010220075066088354 13000
