1769137657023 2.6498608589172363 0
1769140279887 1.5697398711835409 1000
1769143330512 1.4776388965759928 2000
1769145500277 1.4926419168736482 3000
1769147582156 1.4516770998035295 4000
1769149879126 1.4538848323449072 5000
1769151881188 1.4465458988838025 6000
1769154153125 1.4033565092999907 7000
1769156262042 1.4463678446205332 8000
1769158259665 1.412713835825369 9000
1769160485915 1.384613974689203 10000
1769162646747 1.3908247372379516 11000
1769164658931 1.4096661957574403 12000
1769166643981 1.366017375368001 13000
