1769137657023 0.9441847801208496 0
1769140279887 0.6391997200180203 1000
1769143330512 0.6073311697643932 2000
1769145500277 0.6203374016794287 3000
1769147582156 0.6062150206225925 4000
1769149879126 0.6114893101881149 5000
1769151881188 0.6182190403924542 6000
1769154153125 0.5936802532211839 7000
1769156262042 0.6197982763933965 8000
1769158259665 0.6039286996968041 9000
1769160485915 0.5868758628688326 10000
1769162646747 0.596580300371574 11000
1769164658931 0.6062176373526073 12000
1769166643981 0.5979752981915372 13000
