1769137657023 1.7153275161981583 0
1769140279887 1.079883887380881 1000
1769143330512 1.0177301853302747 2000
1769145500277 1.0364270549188341 3000
1769147582156 1.00903733512277 4000
1769149879126 1.0133764647440706 5000
1769151881188 1.0142250957942602 6000
1769154153125 0.9775496703718973 7000
1769156262042 1.0153544298340818 8000
1769158259665 0.9952473956155955 9000
1769160485915 0.9697038964538468 10000
1769162646747 0.9787380650761387 11000
1769164658931 0.9919037525741807 12000
1769166643981 0.9718629153773995 13000
