1768725947669 0.34897059202194214 0
1768726745383 0.0023955763317644596 50
1768727414358 0.0017945555737242103 100
1768727839187 0.03758580610156059 150
1768728086243 0.0021988593507558107 200
1768728316915 0.1127450093626976 250
1768728565006 0.005924045108258724 300
1768728816253 0.025209318846464157 350
1768729050531 0.005191249307245016 400
1768729283949 0.0675451010465622 450
1768729527220 0.039215825498104095 500
1768729813575 0.019482720643281937 550
1768730085089 0.015449224039912224 600
1768730466901 0.006391987204551697 650
1768730825900 0.11824943870306015 700
1768731159906 0.0022178853396326303 750
1768731487037 0.02994736284017563 800
1768731811202 0.008969834074378014 850
1768732136440 0.005101671442389488 900
1768732457211 0.01898990385234356 950
1768732786967 0.13532134890556335 1000
1768733128441 0.0072883013635873795 1050
1768733464214 0.008204840123653412 1100
1768733842561 0.014384958893060684 1150
1768734206326 0.00035367507371120155 1200
1768734559901 0.0019938345067203045 1250
1768734904063 0.024750955402851105 1300
1768735224338 0.0066678025759756565 1350
1768735550647 0.02084515616297722 1400
1768735879720 0.0047040362842381 1450
1768736198002 0.02927621826529503 1500
1768736518305 0.014613546431064606 1550
1768736890622 0.009336365386843681 1600
1768737242962 0.0032751811668276787 1650
1768737587977 0.0030902097932994366 1700
1768737934882 0.045005109161138535 1750
1768738322673 0.0036518527194857597 1800
1768738859820 0.006897467188537121 1850
1768739448328 0.0017801227513700724 1900
1768739807923 0.001235589268617332 1950
1768740044208 0.028814882040023804 2000
1768740291311 0.008135348558425903 2050
1768740665064 0.015141841024160385 2100
1768741061293 0.007418016437441111 2150
1768741330803 0.0032012241426855326 2200
