1765624473873 0.019575021229684353 0
1765629120774 0.014191281221559621 1000
1765634117482 0.012468755566593609 2000
1765639021518 0.012067450485637527 3000
1765643721391 0.011484522704940173 4000
1765648042004 0.011312775958044221 5000
1765653156284 0.011065586716274264 6000
1765657612497 0.010741501988776145 7000
1765661899719 0.01059164131989237 8000
1765666534326 0.010388688968494535 9000
1765671213018 0.010305138162165531 10000
1765675534961 0.010160149754369923 11000
1765679807673 0.010120544744943618 12000
