1765624473873 0.0009615913280353827 0
1765629120774 6.75220543236093e-05 1000
1765634117482 5.673298389345882e-08 2000
1765639021518 3.015385704224394e-08 3000
1765643721391 1.1434341631144251e-08 4000
1765648042004 8.18962954636392e-09 5000
1765653156284 8.992429032979927e-09 6000
1765657612497 3.6700093855273887e-09 7000
1765661899719 8.680069363988761e-09 8000
1765666534326 1.5621030675547317e-09 9000
1765671213018 6.202394448071851e-10 10000
1765675534961 4.4922478865252336e-10 11000
1765679807673 9.437168601009576e-10 12000
