1765624473873 0.2633848682511598 0
1765629120774 0.03981027394144421 1000
1765634117482 0.029038865850076402 2000
1765639021518 0.026330350384807206 3000
1765643721391 0.02395418258746595 4000
1765648042004 0.022658923017412597 5000
1765653156284 0.022269376554835435 6000
1765657612497 0.021196919413669094 7000
1765661899719 0.020068214321989762 8000
1765666534326 0.01906778467534259 9000
1765671213018 0.018844529274742672 10000
1765675534961 0.01872775063303852 11000
1765679807673 0.018409578451765808 12000
