1765624473873 0.0006579047755622014 0
1765629120774 0.0007385756040244814 1000
1765634117482 0.0007233271799689192 2000
1765639021518 0.0007131814831870542 3000
1765643721391 0.000703372171832416 4000
1765648042004 0.0007135307671484497 5000
1765653156284 0.0007105881247718115 6000
1765657612497 0.0007030355890953615 7000
1765661899719 0.000699932670448652 8000
1765666534326 0.0006931978894026997 9000
1765671213018 0.0006961692696667796 10000
1765675534961 0.0006962698633818036 11000
1765679807673 0.0006964614562598399 12000
