1765624473873 0.0014509236366393452 0
1765629120774 0.0016119535610386719 1000
1765634117482 0.0015332983997423072 2000
1765639021518 0.0014983287469906373 3000
1765643721391 0.0014568784912968567 4000
1765648042004 0.001475959342468559 5000
1765653156284 0.0014636608271302975 6000
1765657612497 0.0014368424036394572 7000
1765661899719 0.0014269771977601523 8000
1765666534326 0.001406721032746873 9000
1765671213018 0.0014080760327879489 10000
1765675534961 0.001405720996773016 11000
1765679807673 0.0014044438756757244 12000
