1768910629032 0.02000940981088206 0
1768914996656 0.01987338860291086 1000
1768919421643 0.020331209328857628 2000
1768923423135 0.02024703681925775 3000
1768927571159 0.01986442085186718 4000
1768931568624 0.02039019131972257 5000
1768935573764 0.019872989770095124 6000
1768939657728 0.02017410700394026 7000
1768943607516 0.02020486353540646 8000
1768947475869 0.02039436201627972 9000
1768951393257 0.020515241530571757 10000
1768955273005 0.02078053335872178 11000
1768959120691 0.020654174494454624 12000
1768963189414 0.019862960612343158 13000
