1768910629032 0.0009209471694084925 0
1768914996656 0.011677052990083864 1000
1768919421643 0.01936920728066277 2000
1768923423135 0.013092146891801338 3000
1768927571159 0.014281918734315436 4000
1768931568624 0.016796879476508597 5000
1768935573764 0.01188453441209262 6000
1768939657728 0.013797376295211742 7000
1768943607516 0.011662586776646949 8000
1768947475869 0.012460444015118328 9000
1768951393257 0.011589760652272935 10000
1768955273005 0.018006291420201066 11000
1768959120691 0.01395362455952617 12000
1768963189414 0.008173170103284335 13000
