1768910629032 0.20025772312510526 0
1768914996656 0.04865196468100124 1000
1768919421643 0.023657797703587575 2000
1768923423135 0.01653200158123793 3000
1768927571159 0.01727017245884658 4000
1768931568624 0.02044345515074793 5000
1768935573764 0.013238537499261469 6000
1768939657728 0.014250226838464565 7000
1768943607516 0.012399925734929224 8000
1768947475869 0.011320716996180856 9000
1768951393257 0.011236724920633838 10000
1768955273005 0.013061337485549905 11000
1768959120691 0.014347685784816863 12000
1768963189414 0.01025113834558379 13000
