1768910629032 1.0686379857361317 0
1768914996656 0.8820456902621482 1000
1768919421643 0.853792007920135 2000
1768923423135 0.8884163912168606 3000
1768927571159 0.8627699952335781 4000
1768931568624 0.8679865546183155 5000
1768935573764 0.8802507149804566 6000
1768939657728 0.855611096456621 7000
1768943607516 0.8868118634725098 8000
1768947475869 0.867138551553481 9000
1768951393257 0.8513302699277432 10000
1768955273005 0.8609872393131132 11000
1768959120691 0.8766038394637798 12000
1768963189414 0.8657086024188593 13000
