1768910629032 0.5347733311355114 0
1768914996656 0.4324867006629735 1000
1768919421643 0.41573291359406145 2000
1768923423135 0.4343487896685654 3000
1768927571159 0.4193058026521467 4000
1768931568624 0.4234135559046956 5000
1768935573764 0.4308532747439225 6000
1768939657728 0.4178324277837999 7000
1768943607516 0.4346266267639539 8000
1768947475869 0.42036009724259493 9000
1768951393257 0.413119200088285 10000
1768955273005 0.4178993436785088 11000
1768959120691 0.42722697876829707 12000
1768963189414 0.4230097874144558 13000
