1768910629032 1.785356990993023 0
1768914996656 1.4449821630741393 1000
1768919421643 1.4009463618816298 2000
1768923423135 1.4471538493429377 3000
1768927571159 1.4061341831258214 4000
1768931568624 1.4274534264507992 5000
1768935573764 1.434308038417841 6000
1768939657728 1.4011375028964168 7000
1768943607516 1.4471815748740449 8000
1768947475869 1.4173885882391877 9000
1768951393257 1.3945356029149978 10000
1768955273005 1.4129625084532709 11000
1768959120691 1.4422940272805727 12000
1768963189414 1.4106814657266034 13000
